150.00 -1.00 0.00 0.00 0.00 0.00 0.00 0.00 0.00 0.00 0.00 0.00 0.00 0.00 0.00 0.00 0.00 0.00 0.00 0.00 0.00 0.00 0.00 0.00 0.00 0.00 0.00 0.00 0.00 0.00 0.00 0.00 0.00 0.00 0.00 0.00 0.00 0.00 0.00 0.00 
150.00 -1.00 0.00 0.00 -240.00 -35.00 0.00 0.00 0.00 0.00 0.00 0.00 80.00 -12.00 0.00 0.00 -222.00 9.00 -18.00 55.00 0.00 0.00 0.00 0.00 0.00 0.00 0.00 0.00 0.00 0.00 0.00 0.00 0.00 0.00 0.00 0.00 0.00 0.00 0.00 0.00 
283.00 -1.00 0.00 0.00 -371.00 -64.00 -66.00 16.00 0.00 0.00 0.00 0.00 80.00 -12.00 0.00 0.00 -222.00 9.00 -18.00 55.00 0.00 0.00 0.00 0.00 0.00 0.00 0.00 0.00 0.00 0.00 0.00 0.00 0.00 0.00 0.00 0.00 0.00 0.00 0.00 0.00 
398.00 -13.00 -37.00 -16.00 -420.00 -85.00 -94.00 7.00 97.00 -17.00 347.00 -36.00 224.00 -36.00 0.00 0.00 -349.00 -2.00 271.00 14.00 0.00 0.00 0.00 0.00 0.00 0.00 0.00 0.00 0.00 0.00 0.00 0.00 0.00 0.00 0.00 0.00 0.00 0.00 0.00 0.00 
150.00 -1.00 0.00 0.00 0.00 0.00 0.00 0.00 0.00 0.00 0.00 0.00 0.00 0.00 0.00 0.00 0.00 0.00 0.00 0.00 0.00 0.00 0.00 0.00 0.00 0.00 0.00 0.00 0.00 0.00 0.00 0.00 0.00 0.00 0.00 0.00 0.00 0.00 0.00 0.00 
150.00 -1.00 0.00 0.00 -240.00 -35.00 0.00 0.00 0.00 0.00 0.00 0.00 80.00 -12.00 0.00 0.00 -222.00 9.00 -18.00 55.00 0.00 0.00 0.00 0.00 0.00 0.00 0.00 0.00 0.00 0.00 0.00 0.00 0.00 0.00 0.00 0.00 0.00 0.00 0.00 0.00 
283.00 -1.00 0.00 0.00 -371.00 -64.00 -66.00 16.00 0.00 0.00 0.00 0.00 80.00 -12.00 0.00 0.00 -222.00 9.00 -18.00 55.00 0.00 0.00 0.00 0.00 0.00 0.00 0.00 0.00 0.00 0.00 0.00 0.00 0.00 0.00 0.00 0.00 0.00 0.00 0.00 0.00 
398.00 -13.00 -37.00 -16.00 -420.00 -85.00 -94.00 7.00 97.00 -17.00 347.00 -36.00 224.00 -36.00 0.00 0.00 -349.00 -2.00 271.00 14.00 0.00 0.00 0.00 0.00 0.00 0.00 0.00 0.00 0.00 0.00 0.00 0.00 0.00 0.00 0.00 0.00 0.00 0.00 0.00 0.00 
150.00 -1.00 0.00 0.00 0.00 0.00 0.00 0.00 0.00 0.00 0.00 0.00 0.00 0.00 0.00 0.00 0.00 0.00 0.00 0.00 0.00 0.00 0.00 0.00 0.00 0.00 0.00 0.00 0.00 0.00 0.00 0.00 0.00 0.00 0.00 0.00 0.00 0.00 0.00 0.00 
150.00 -1.00 0.00 0.00 -240.00 -35.00 0.00 0.00 0.00 0.00 0.00 0.00 80.00 -12.00 0.00 0.00 -222.00 9.00 -18.00 55.00 0.00 0.00 0.00 0.00 0.00 0.00 0.00 0.00 0.00 0.00 0.00 0.00 0.00 0.00 0.00 0.00 0.00 0.00 0.00 0.00 
283.00 -1.00 0.00 0.00 -371.00 -64.00 -66.00 16.00 0.00 0.00 0.00 0.00 80.00 -12.00 0.00 0.00 -222.00 9.00 -18.00 55.00 0.00 0.00 0.00 0.00 0.00 0.00 0.00 0.00 0.00 0.00 0.00 0.00 0.00 0.00 0.00 0.00 0.00 0.00 0.00 0.00 
398.00 -13.00 -37.00 -16.00 -420.00 -85.00 -94.00 7.00 97.00 -17.00 347.00 -36.00 224.00 -36.00 0.00 0.00 -349.00 -2.00 271.00 14.00 0.00 0.00 0.00 0.00 0.00 0.00 0.00 0.00 0.00 0.00 0.00 0.00 0.00 0.00 0.00 0.00 0.00 0.00 0.00 0.00 
150.00 -1.00 0.00 0.00 0.00 0.00 0.00 0.00 0.00 0.00 0.00 0.00 0.00 0.00 0.00 0.00 0.00 0.00 0.00 0.00 0.00 0.00 0.00 0.00 0.00 0.00 0.00 0.00 0.00 0.00 0.00 0.00 0.00 0.00 0.00 0.00 0.00 0.00 0.00 0.00 
150.00 -1.00 0.00 0.00 -240.00 -35.00 0.00 0.00 0.00 0.00 0.00 0.00 80.00 -12.00 0.00 0.00 -222.00 9.00 -18.00 55.00 0.00 0.00 0.00 0.00 0.00 0.00 0.00 0.00 0.00 0.00 0.00 0.00 0.00 0.00 0.00 0.00 0.00 0.00 0.00 0.00 
283.00 -1.00 0.00 0.00 -371.00 -64.00 -66.00 16.00 0.00 0.00 0.00 0.00 80.00 -12.00 0.00 0.00 -222.00 9.00 -18.00 55.00 0.00 0.00 0.00 0.00 0.00 0.00 0.00 0.00 0.00 0.00 0.00 0.00 0.00 0.00 0.00 0.00 0.00 0.00 0.00 0.00 
398.00 -13.00 -37.00 -16.00 -420.00 -85.00 -94.00 7.00 97.00 -17.00 347.00 -36.00 224.00 -36.00 0.00 0.00 -349.00 -2.00 271.00 14.00 0.00 0.00 0.00 0.00 0.00 0.00 0.00 0.00 0.00 0.00 0.00 0.00 0.00 0.00 0.00 0.00 0.00 0.00 0.00 0.00 
150.00 -1.00 0.00 0.00 0.00 0.00 0.00 0.00 0.00 0.00 0.00 0.00 0.00 0.00 0.00 0.00 0.00 0.00 0.00 0.00 0.00 0.00 0.00 0.00 0.00 0.00 0.00 0.00 0.00 0.00 0.00 0.00 0.00 0.00 0.00 0.00 0.00 0.00 0.00 0.00 
150.00 -1.00 0.00 0.00 -240.00 -35.00 0.00 0.00 0.00 0.00 0.00 0.00 80.00 -12.00 0.00 0.00 -222.00 9.00 -18.00 55.00 0.00 0.00 0.00 0.00 0.00 0.00 0.00 0.00 0.00 0.00 0.00 0.00 0.00 0.00 0.00 0.00 0.00 0.00 0.00 0.00 
283.00 -1.00 0.00 0.00 -371.00 -64.00 -66.00 16.00 0.00 0.00 0.00 0.00 80.00 -12.00 0.00 0.00 -222.00 9.00 -18.00 55.00 0.00 0.00 0.00 0.00 0.00 0.00 0.00 0.00 0.00 0.00 0.00 0.00 0.00 0.00 0.00 0.00 0.00 0.00 0.00 0.00 
398.00 -13.00 -37.00 -16.00 -420.00 -85.00 -94.00 7.00 97.00 -17.00 347.00 -36.00 224.00 -36.00 0.00 0.00 -349.00 -2.00 271.00 14.00 0.00 0.00 0.00 0.00 0.00 0.00 0.00 0.00 0.00 0.00 0.00 0.00 0.00 0.00 0.00 0.00 0.00 0.00 0.00 0.00 
150.00 -1.00 0.00 0.00 0.00 0.00 0.00 0.00 0.00 0.00 0.00 0.00 0.00 0.00 0.00 0.00 0.00 0.00 0.00 0.00 0.00 0.00 0.00 0.00 0.00 0.00 0.00 0.00 0.00 0.00 0.00 0.00 0.00 0.00 0.00 0.00 0.00 0.00 0.00 0.00 
150.00 -1.00 0.00 0.00 -240.00 -35.00 0.00 0.00 0.00 0.00 0.00 0.00 80.00 -12.00 0.00 0.00 -222.00 9.00 -18.00 55.00 0.00 0.00 0.00 0.00 0.00 0.00 0.00 0.00 0.00 0.00 0.00 0.00 0.00 0.00 0.00 0.00 0.00 0.00 0.00 0.00 
283.00 -1.00 0.00 0.00 -371.00 -64.00 -66.00 16.00 0.00 0.00 0.00 0.00 80.00 -12.00 0.00 0.00 -222.00 9.00 -18.00 55.00 0.00 0.00 0.00 0.00 0.00 0.00 0.00 0.00 0.00 0.00 0.00 0.00 0.00 0.00 0.00 0.00 0.00 0.00 0.00 0.00 
398.00 -13.00 -37.00 -16.00 -420.00 -85.00 -94.00 7.00 97.00 -17.00 347.00 -36.00 224.00 -36.00 0.00 0.00 -349.00 -2.00 271.00 14.00 0.00 0.00 0.00 0.00 0.00 0.00 0.00 0.00 0.00 0.00 0.00 0.00 0.00 0.00 0.00 0.00 0.00 0.00 0.00 0.00 
