-0.400000 -0.066667
0.166667 0.066667
0.473333 0.360000
0.286667 0.513333
-0.246667 0.500000
-0.526667 0.333333
-0.646667 -0.240000
0.013333 -0.460000
0.553333 -0.373333
0.566667 0.186667
0.273333 0.633333
-0.133333 0.653333
-0.353333 0.520000
-0.553333 0.073333
-0.573333 -0.233333
0.033333 -0.320000
0.660000 -0.253333
0.653333 0.600000
0.133333 0.886667
-0.386667 0.746667
-0.573333 0.400000
-0.680000 -0.046667
-0.653333 -0.206667
-0.180000 -0.206667
-0.013333 0.106667
-0.120000 0.460000
-0.460000 0.560000
-0.640000 0.186667
-0.480000 -0.113333
-0.393333 -0.086667
-0.366667 0.206667
0.460000 0.406667
0.320000 0.426667
0.006667 0.280000
-0.013333 -0.066667
0.246667 -0.366667
0.553333 -0.346667
0.700000 -0.040000
0.500000 0.313333
0.453333 -0.006667
0.553333 -0.293333
0.013333 -0.466667
