0.00 0.00 0.00 0.00 0.00 0.00 0.00 0.00 0.00 0.00 0.00 0.00 0.00 0.00 0.00 0.00 0.00 0.00 0.00 0.00 0.00 0.00 0.00 0.00 0.00 0.00 0.00 0.00 0.00 0.00 0.00 0.00 0.00 0.00 0.00 0.00 0.00 0.00 0.00 0.00 
-181.00 -2.00 0.00 0.00 0.00 0.00 0.00 0.00 0.00 0.00 0.00 0.00 0.00 0.00 0.00 0.00 0.00 0.00 0.00 0.00 0.00 0.00 0.00 0.00 0.00 0.00 0.00 0.00 0.00 0.00 0.00 0.00 0.00 0.00 0.00 0.00 0.00 0.00 0.00 0.00 
-181.00 -2.00 0.00 0.00 0.00 0.00 0.00 0.00 0.00 0.00 0.00 0.00 0.00 0.00 0.00 0.00 0.00 0.00 0.00 0.00 0.00 0.00 0.00 0.00 0.00 0.00 0.00 0.00 0.00 0.00 0.00 0.00 0.00 0.00 0.00 0.00 0.00 0.00 0.00 0.00 
-181.00 -2.00 4.00 -78.00 0.00 0.00 0.00 -4.00 -3.00 -87.00 -2.00 6.00 0.00 0.00 1.00 -17.00 0.00 0.00 0.00 0.00 0.00 0.00 0.00 0.00 0.00 0.00 0.00 0.00 0.00 0.00 0.00 0.00 0.00 0.00 0.00 0.00 0.00 0.00 0.00 0.00 
-181.00 -2.00 -1.00 -152.00 0.00 0.00 0.00 -4.00 -7.00 -135.00 -2.00 6.00 0.00 0.00 -3.00 -50.00 0.00 0.00 0.00 0.00 0.00 0.00 0.00 0.00 0.00 0.00 0.00 0.00 0.00 0.00 0.00 0.00 0.00 0.00 0.00 0.00 0.00 0.00 0.00 0.00 
-181.00 -2.00 -1.00 -152.00 0.00 0.00 0.00 -4.00 -7.00 -135.00 -2.00 6.00 0.00 0.00 -5.00 -63.00 0.00 0.00 0.00 0.00 0.00 0.00 0.00 0.00 0.00 0.00 0.00 0.00 0.00 0.00 0.00 0.00 0.00 0.00 0.00 0.00 0.00 0.00 0.00 0.00 
-181.00 -2.00 -4.00 -166.00 0.00 0.00 0.00 -4.00 -8.00 -161.00 -2.00 6.00 0.00 0.00 -5.00 -63.00 0.00 0.00 0.00 0.00 0.00 0.00 0.00 0.00 0.00 0.00 0.00 0.00 0.00 0.00 0.00 0.00 0.00 0.00 0.00 0.00 0.00 0.00 0.00 0.00 
-181.00 -2.00 -4.00 -166.00 0.00 0.00 0.00 -4.00 -8.00 -161.00 -2.00 6.00 0.00 0.00 -5.00 -63.00 0.00 0.00 0.00 0.00 0.00 0.00 0.00 0.00 0.00 0.00 0.00 0.00 0.00 0.00 0.00 0.00 0.00 0.00 0.00 0.00 0.00 0.00 0.00 0.00 
-181.00 -2.00 15.00 -88.00 -14.00 3.00 7.00 -10.00 -4.00 -86.00 -2.00 6.00 0.00 0.00 -19.00 -26.00 0.00 0.00 0.00 0.00 0.00 0.00 0.00 0.00 0.00 0.00 0.00 0.00 0.00 0.00 0.00 0.00 0.00 0.00 0.00 0.00 0.00 0.00 0.00 0.00 
-181.00 -2.00 15.00 -21.00 -14.00 3.00 7.00 -10.00 -4.00 -32.00 -2.00 6.00 0.00 0.00 -19.00 -26.00 0.00 0.00 0.00 0.00 0.00 0.00 0.00 0.00 0.00 0.00 0.00 0.00 0.00 0.00 0.00 0.00 0.00 0.00 0.00 0.00 0.00 0.00 0.00 0.00 
-181.00 -2.00 15.00 -21.00 -14.00 3.00 7.00 -10.00 -4.00 -32.00 -2.00 6.00 0.00 0.00 -19.00 -26.00 0.00 0.00 0.00 0.00 0.00 0.00 0.00 0.00 0.00 0.00 0.00 0.00 0.00 0.00 0.00 0.00 0.00 0.00 0.00 0.00 0.00 0.00 0.00 0.00 
-167.00 -1.00 40.00 -13.00 -14.00 -51.00 -38.00 11.00 -61.00 -19.00 -2.00 -13.00 -8.00 -4.00 -29.00 13.00 7.00 -4.00 -1.00 21.00 14.00 -8.00 -29.00 13.00 -10.00 15.00 -7.00 -17.00 0.00 0.00 0.00 0.00 0.00 0.00 0.00 0.00 0.00 0.00 0.00 0.00 
-167.00 -1.00 40.00 -13.00 -14.00 -51.00 -38.00 11.00 -61.00 -19.00 -2.00 -13.00 -8.00 -4.00 -29.00 13.00 7.00 -4.00 -1.00 21.00 14.00 -8.00 -29.00 13.00 -10.00 15.00 -7.00 -17.00 0.00 0.00 0.00 0.00 0.00 0.00 0.00 0.00 0.00 0.00 0.00 0.00 
-135.00 8.00 -34.00 -29.00 -14.00 -51.00 -45.00 34.00 -61.00 -95.00 91.00 7.00 -8.00 -4.00 -50.00 -1.00 -4.00 1.00 -7.00 27.00 18.00 -13.00 -57.00 17.00 9.00 7.00 -9.00 1.00 0.00 0.00 0.00 0.00 0.00 0.00 0.00 0.00 0.00 0.00 0.00 0.00 
-142.00 7.00 -34.00 -29.00 -14.00 -51.00 -45.00 34.00 -61.00 -95.00 91.00 7.00 -8.00 -4.00 -50.00 -1.00 -4.00 1.00 -7.00 27.00 18.00 -13.00 -57.00 17.00 9.00 7.00 -9.00 1.00 0.00 0.00 0.00 0.00 0.00 0.00 0.00 0.00 0.00 0.00 0.00 0.00 
-150.00 35.00 38.00 -51.00 31.00 -30.00 -14.00 12.00 -73.00 -117.00 33.00 14.00 23.00 12.00 46.00 -28.00 14.00 8.00 -4.00 4.00 20.00 -9.00 -7.00 7.00 13.00 25.00 -9.00 1.00 0.00 0.00 0.00 0.00 0.00 0.00 0.00 0.00 0.00 0.00 0.00 0.00 
-150.00 35.00 38.00 -51.00 31.00 -30.00 -14.00 12.00 -73.00 -117.00 33.00 14.00 23.00 12.00 46.00 -28.00 14.00 8.00 -4.00 4.00 20.00 -9.00 -7.00 7.00 13.00 25.00 -9.00 1.00 0.00 0.00 0.00 0.00 0.00 0.00 0.00 0.00 0.00 0.00 0.00 0.00 
-208.00 45.00 38.00 -51.00 -5.00 -94.00 -14.00 12.00 0.00 -99.00 28.00 -24.00 23.00 12.00 52.00 -9.00 50.00 -34.00 6.00 24.00 22.00 -5.00 40.00 -15.00 -5.00 13.00 -38.00 15.00 0.00 0.00 0.00 0.00 0.00 0.00 0.00 0.00 0.00 0.00 0.00 0.00 
-208.00 45.00 38.00 -51.00 -5.00 -94.00 -14.00 12.00 0.00 -99.00 28.00 -24.00 23.00 12.00 52.00 -9.00 50.00 -34.00 6.00 24.00 22.00 -5.00 40.00 -15.00 -5.00 13.00 -38.00 15.00 0.00 0.00 0.00 0.00 0.00 0.00 0.00 0.00 0.00 0.00 0.00 0.00 
-202.00 51.00 62.00 -67.00 55.00 -38.00 -16.00 6.00 49.00 -138.00 -7279.00 745.00 -1814.00 744.00 64.00 -11.00 49.00 -61.00 12.00 65.00 23.00 4.00 36.00 -4.00 -5.00 13.00 -38.00 15.00 0.00 0.00 0.00 0.00 0.00 0.00 0.00 0.00 0.00 0.00 0.00 0.00 
-202.00 51.00 62.00 -67.00 55.00 -38.00 -16.00 6.00 49.00 -138.00 -7279.00 745.00 -1814.00 744.00 64.00 -11.00 49.00 -61.00 12.00 65.00 23.00 4.00 36.00 -4.00 -5.00 13.00 -38.00 15.00 0.00 0.00 0.00 0.00 0.00 0.00 0.00 0.00 0.00 0.00 0.00 0.00 
-198.00 51.00 58.00 -40.00 55.00 -38.00 -16.00 6.00 -18.00 -73.00 -7931.00 344.00 -1041.00 1081.00 71.00 -29.00 53.00 -33.00 7.00 49.00 13.00 -5.00 37.00 7.00 -5.00 13.00 -42.00 -9.00 0.00 0.00 0.00 0.00 0.00 0.00 0.00 0.00 0.00 0.00 0.00 0.00 
-198.00 51.00 1.00 12.00 -44.00 15.00 -16.00 6.00 -46.00 -43.00 -7935.00 353.00 -1047.00 1096.00 -20.00 10.00 -31.00 -3.00 7.00 49.00 0.00 -3.00 -7.00 -24.00 -2.00 22.00 -28.00 16.00 0.00 0.00 0.00 0.00 0.00 0.00 0.00 0.00 0.00 0.00 0.00 0.00 
-198.00 51.00 1.00 12.00 -44.00 15.00 -16.00 6.00 -46.00 -43.00 -7935.00 353.00 -1047.00 1096.00 -20.00 10.00 -31.00 -3.00 7.00 49.00 0.00 -3.00 -7.00 -24.00 -2.00 22.00 -28.00 16.00 0.00 0.00 0.00 0.00 0.00 0.00 0.00 0.00 0.00 0.00 0.00 0.00 
-157.00 47.00 -9.00 -71.00 -56.00 -96.00 -16.00 6.00 -67.00 -101.00 -7945.00 348.00 -1047.00 1096.00 -20.00 10.00 -9.00 7.00 4.00 5.00 5.00 17.00 -20.00 21.00 -5.00 -3.00 -2.00 2.00 0.00 0.00 0.00 0.00 0.00 0.00 0.00 0.00 0.00 0.00 0.00 0.00 
-157.00 47.00 -46.00 -105.00 -56.00 -96.00 -16.00 6.00 -67.00 -107.00 -7945.00 348.00 -1047.00 1096.00 -62.00 -22.00 -9.00 7.00 4.00 5.00 5.00 17.00 -20.00 21.00 -5.00 -3.00 -2.00 2.00 0.00 0.00 0.00 0.00 0.00 0.00 0.00 0.00 0.00 0.00 0.00 0.00 
-130.00 51.00 -48.00 -119.00 -56.00 -96.00 -16.00 6.00 -71.00 -123.00 -7945.00 348.00 -1047.00 1096.00 -60.00 -31.00 -31.00 -2.00 4.00 5.00 4.00 5.00 -28.00 -7.00 0.00 25.00 -2.00 -7.00 0.00 0.00 0.00 0.00 0.00 0.00 0.00 0.00 0.00 0.00 0.00 0.00 
-130.00 51.00 -51.00 -148.00 -56.00 -96.00 -16.00 6.00 -72.00 -135.00 -7945.00 348.00 -1047.00 1096.00 -61.00 -42.00 -31.00 -2.00 4.00 5.00 4.00 5.00 -28.00 -7.00 0.00 25.00 -2.00 -7.00 0.00 0.00 0.00 0.00 0.00 0.00 0.00 0.00 0.00 0.00 0.00 0.00 
-130.00 51.00 -55.00 -158.00 -56.00 -96.00 -16.00 6.00 -79.00 -150.00 -7945.00 348.00 -1047.00 1096.00 -65.00 -49.00 -31.00 -2.00 4.00 5.00 4.00 5.00 -28.00 -7.00 0.00 25.00 -2.00 -7.00 0.00 0.00 0.00 0.00 0.00 0.00 0.00 0.00 0.00 0.00 0.00 0.00 
-130.00 51.00 -55.00 -158.00 -56.00 -96.00 -16.00 6.00 -79.00 -150.00 -7945.00 348.00 -1047.00 1096.00 -65.00 -49.00 -31.00 -2.00 4.00 5.00 4.00 5.00 -28.00 -7.00 0.00 25.00 -2.00 -7.00 0.00 0.00 0.00 0.00 0.00 0.00 0.00 0.00 0.00 0.00 0.00 0.00 
-130.00 51.00 -55.00 -158.00 -56.00 -96.00 -16.00 6.00 -79.00 -150.00 -7945.00 348.00 -1047.00 1096.00 -65.00 -49.00 -31.00 -2.00 4.00 5.00 4.00 5.00 -28.00 -7.00 0.00 25.00 -2.00 -7.00 0.00 0.00 0.00 0.00 0.00 0.00 0.00 0.00 0.00 0.00 0.00 0.00 
-180.00 54.00 53.00 -75.00 30.00 -18.00 -16.00 6.00 -84.00 -99.00 -7945.00 348.00 -1047.00 1096.00 -27.00 -35.00 -31.00 -2.00 4.00 5.00 4.00 5.00 -28.00 -7.00 0.00 25.00 -2.00 -7.00 0.00 0.00 0.00 0.00 0.00 0.00 0.00 0.00 0.00 0.00 0.00 0.00 
-154.00 56.00 -7.00 -12.00 30.00 -18.00 -16.00 6.00 -43.00 -36.00 -7945.00 348.00 -1047.00 1096.00 -17.00 -19.00 -31.00 -2.00 4.00 5.00 4.00 5.00 -28.00 -7.00 0.00 25.00 -2.00 -7.00 0.00 0.00 0.00 0.00 0.00 0.00 0.00 0.00 0.00 0.00 0.00 0.00 
-163.00 52.00 5.00 2.00 -26.00 11.00 -23.00 11.00 -25.00 2.00 -7903.00 371.00 -1081.00 1079.00 -10.00 0.00 -19.00 -1.00 4.00 5.00 4.00 12.00 5.00 -12.00 4.00 22.00 -4.00 7.00 0.00 0.00 0.00 0.00 0.00 0.00 0.00 0.00 0.00 0.00 0.00 0.00 
-163.00 52.00 5.00 2.00 -26.00 11.00 -23.00 11.00 -25.00 2.00 -7903.00 371.00 -1081.00 1079.00 -10.00 0.00 -19.00 -1.00 4.00 5.00 4.00 12.00 5.00 -12.00 4.00 22.00 -4.00 7.00 0.00 0.00 0.00 0.00 0.00 0.00 0.00 0.00 0.00 0.00 0.00 0.00 
-163.00 52.00 5.00 2.00 -26.00 11.00 -23.00 11.00 -25.00 2.00 -7903.00 371.00 -1081.00 1079.00 -5.00 12.00 -19.00 -1.00 4.00 5.00 4.00 12.00 5.00 -12.00 4.00 22.00 -4.00 7.00 0.00 0.00 0.00 0.00 0.00 0.00 0.00 0.00 0.00 0.00 0.00 0.00 
-163.00 52.00 5.00 2.00 -26.00 11.00 -23.00 11.00 -25.00 2.00 -7903.00 371.00 -1081.00 1079.00 -5.00 12.00 -19.00 -1.00 4.00 5.00 4.00 12.00 5.00 -12.00 4.00 22.00 -4.00 7.00 0.00 0.00 0.00 0.00 0.00 0.00 0.00 0.00 0.00 0.00 0.00 0.00 
-163.00 52.00 5.00 2.00 -26.00 11.00 -23.00 11.00 -25.00 2.00 -7903.00 371.00 -1081.00 1079.00 -8.00 2.00 -19.00 -1.00 4.00 5.00 4.00 12.00 5.00 -12.00 4.00 22.00 -4.00 7.00 0.00 0.00 0.00 0.00 0.00 0.00 0.00 0.00 0.00 0.00 0.00 0.00 
-163.00 52.00 5.00 2.00 -26.00 11.00 -23.00 11.00 -25.00 2.00 -7903.00 371.00 -1081.00 1079.00 -11.00 -10.00 -19.00 -1.00 4.00 5.00 4.00 12.00 5.00 -12.00 4.00 22.00 -4.00 7.00 0.00 0.00 0.00 0.00 0.00 0.00 0.00 0.00 0.00 0.00 0.00 0.00 
-163.00 52.00 5.00 2.00 -26.00 11.00 -23.00 11.00 -25.00 2.00 -7903.00 371.00 -1081.00 1079.00 -13.00 -14.00 -19.00 -1.00 4.00 5.00 4.00 12.00 5.00 -12.00 4.00 22.00 -4.00 7.00 0.00 0.00 0.00 0.00 0.00 0.00 0.00 0.00 0.00 0.00 0.00 0.00 
-163.00 52.00 -15.00 -59.00 -16.00 -54.00 -23.00 11.00 -40.00 -65.00 -7903.00 371.00 -1081.00 1079.00 -13.00 -14.00 14.00 -22.00 8.00 37.00 4.00 12.00 6.00 27.00 9.00 34.00 -4.00 7.00 0.00 0.00 0.00 0.00 0.00 0.00 0.00 0.00 0.00 0.00 0.00 0.00 
-163.00 52.00 -37.00 -81.00 -16.00 -54.00 -23.00 11.00 -61.00 -92.00 -7903.00 371.00 -1081.00 1079.00 14.00 -1.00 18.00 -52.00 -2.00 51.00 4.00 12.00 10.00 34.00 5.00 57.00 -4.00 15.00 0.00 0.00 0.00 0.00 0.00 0.00 0.00 0.00 0.00 0.00 0.00 0.00 
-134.00 54.00 -37.00 -81.00 -16.00 -54.00 -23.00 11.00 -67.00 -116.00 -7902.00 372.00 -1074.00 1080.00 13.00 5.00 12.00 -90.00 -6.00 80.00 4.00 21.00 10.00 22.00 5.00 71.00 -14.00 14.00 0.00 0.00 0.00 0.00 0.00 0.00 0.00 0.00 0.00 0.00 0.00 0.00 
-134.00 54.00 -42.00 -80.00 -40.00 -62.00 -23.00 11.00 -88.00 -124.00 -7947.00 344.00 -1088.00 1081.00 13.00 5.00 12.00 -90.00 -6.00 80.00 4.00 21.00 10.00 22.00 5.00 71.00 -14.00 14.00 0.00 0.00 0.00 0.00 0.00 0.00 0.00 0.00 0.00 0.00 0.00 0.00 
-115.00 55.00 -42.00 -80.00 -40.00 -62.00 -23.00 11.00 -88.00 -124.00 -7947.00 344.00 -1088.00 1081.00 13.00 5.00 12.00 -90.00 -6.00 80.00 4.00 21.00 10.00 22.00 5.00 71.00 -14.00 14.00 0.00 0.00 0.00 0.00 0.00 0.00 0.00 0.00 0.00 0.00 0.00 0.00 
-52.00 55.00 -42.00 -80.00 -40.00 -62.00 -23.00 11.00 -88.00 -124.00 -7947.00 344.00 -1088.00 1081.00 13.00 5.00 12.00 -90.00 -6.00 80.00 4.00 21.00 10.00 22.00 5.00 71.00 -14.00 14.00 0.00 0.00 0.00 0.00 0.00 0.00 0.00 0.00 0.00 0.00 0.00 0.00 
48.00 50.00 -42.00 -80.00 -40.00 -62.00 -23.00 11.00 -88.00 -124.00 -7947.00 344.00 -1088.00 1081.00 13.00 5.00 12.00 -90.00 -6.00 80.00 4.00 21.00 10.00 22.00 5.00 71.00 -14.00 14.00 0.00 0.00 0.00 0.00 0.00 0.00 0.00 0.00 0.00 0.00 0.00 0.00 
56.00 57.00 -18.00 -33.00 -28.00 1.00 -23.00 11.00 -32.00 -59.00 -7186.00 387.00 -1073.00 1079.00 -11.00 14.00 12.00 -90.00 -6.00 80.00 4.00 21.00 10.00 22.00 5.00 71.00 -14.00 14.00 0.00 0.00 0.00 0.00 0.00 0.00 0.00 0.00 0.00 0.00 0.00 0.00 
56.00 57.00 -18.00 -33.00 -28.00 1.00 -23.00 11.00 -32.00 -59.00 -7186.00 387.00 -1073.00 1079.00 -11.00 14.00 12.00 -90.00 -6.00 80.00 4.00 21.00 10.00 22.00 5.00 71.00 -14.00 14.00 0.00 0.00 0.00 0.00 0.00 0.00 0.00 0.00 0.00 0.00 0.00 0.00 
56.00 57.00 -18.00 -33.00 -28.00 1.00 -23.00 11.00 -32.00 -59.00 -7186.00 387.00 -1073.00 1079.00 -10.00 20.00 24.00 -34.00 -3.00 12.00 -3.00 20.00 5.00 -3.00 -8.00 31.00 -13.00 4.00 0.00 0.00 0.00 0.00 0.00 0.00 0.00 0.00 0.00 0.00 0.00 0.00 
56.00 57.00 -18.00 -33.00 -28.00 1.00 -23.00 11.00 -32.00 -59.00 -7186.00 387.00 -1073.00 1079.00 -13.00 21.00 -18.00 -3.00 -3.00 12.00 -3.00 20.00 5.00 -3.00 -8.00 31.00 -13.00 4.00 0.00 0.00 0.00 0.00 0.00 0.00 0.00 0.00 0.00 0.00 0.00 0.00 
56.00 57.00 -18.00 -33.00 -28.00 1.00 -23.00 11.00 -32.00 -59.00 -7186.00 387.00 -1073.00 1079.00 -13.00 21.00 -18.00 -3.00 -3.00 12.00 -3.00 20.00 5.00 -3.00 -8.00 31.00 -13.00 4.00 0.00 0.00 0.00 0.00 0.00 0.00 0.00 0.00 0.00 0.00 0.00 0.00 
56.00 57.00 -18.00 -33.00 -28.00 1.00 -23.00 11.00 -32.00 -59.00 -7186.00 387.00 -1073.00 1079.00 -13.00 21.00 -52.00 -16.00 14.00 13.00 -3.00 13.00 -17.00 -3.00 -31.00 -3.00 2.00 12.00 0.00 0.00 0.00 0.00 0.00 0.00 0.00 0.00 0.00 0.00 0.00 0.00 
56.00 57.00 -18.00 -33.00 -28.00 1.00 -23.00 11.00 -32.00 -59.00 -7186.00 387.00 -1073.00 1079.00 -13.00 21.00 -52.00 -16.00 14.00 13.00 -3.00 13.00 -17.00 -3.00 -31.00 -3.00 2.00 12.00 0.00 0.00 0.00 0.00 0.00 0.00 0.00 0.00 0.00 0.00 0.00 0.00 
48.00 59.00 -24.00 5.00 -28.00 1.00 -23.00 11.00 -28.00 -30.00 -7180.00 351.00 -1079.00 1079.00 -13.00 21.00 -52.00 -16.00 14.00 13.00 -3.00 13.00 -17.00 -3.00 -31.00 -3.00 2.00 12.00 0.00 0.00 0.00 0.00 0.00 0.00 0.00 0.00 0.00 0.00 0.00 0.00 
45.00 67.00 -24.00 5.00 -28.00 1.00 -23.00 11.00 -28.00 -30.00 -7180.00 351.00 -1079.00 1079.00 -13.00 21.00 -15.00 12.00 17.00 -10.00 0.00 4.00 15.00 -1.00 -8.00 16.00 -32.00 -11.00 0.00 0.00 0.00 0.00 0.00 0.00 0.00 0.00 0.00 0.00 0.00 0.00 
45.00 67.00 -24.00 5.00 -28.00 1.00 -23.00 11.00 -28.00 -30.00 -7180.00 351.00 -1079.00 1079.00 -13.00 21.00 -15.00 12.00 17.00 -10.00 0.00 4.00 15.00 -1.00 -8.00 16.00 -32.00 -11.00 0.00 0.00 0.00 0.00 0.00 0.00 0.00 0.00 0.00 0.00 0.00 0.00 
45.00 67.00 -24.00 5.00 -28.00 1.00 -23.00 11.00 -28.00 -30.00 -7180.00 351.00 -1079.00 1079.00 -13.00 21.00 -15.00 12.00 17.00 -10.00 0.00 4.00 15.00 -1.00 -8.00 16.00 -32.00 -11.00 0.00 0.00 0.00 0.00 0.00 0.00 0.00 0.00 0.00 0.00 0.00 0.00 
45.00 67.00 -24.00 5.00 -28.00 1.00 -23.00 11.00 -28.00 -30.00 -7180.00 351.00 -1079.00 1079.00 -13.00 21.00 -15.00 12.00 17.00 -10.00 0.00 4.00 15.00 -1.00 -8.00 16.00 -32.00 -11.00 0.00 0.00 0.00 0.00 0.00 0.00 0.00 0.00 0.00 0.00 0.00 0.00 
45.00 67.00 -24.00 5.00 -28.00 1.00 -23.00 11.00 -28.00 -30.00 -7180.00 351.00 -1079.00 1079.00 -13.00 21.00 -15.00 12.00 17.00 -10.00 0.00 4.00 15.00 -1.00 -8.00 16.00 -32.00 -11.00 0.00 0.00 0.00 0.00 0.00 0.00 0.00 0.00 0.00 0.00 0.00 0.00 
45.00 67.00 -24.00 5.00 -28.00 1.00 -23.00 11.00 -28.00 -30.00 -7180.00 351.00 -1079.00 1079.00 -13.00 21.00 -15.00 12.00 17.00 -10.00 0.00 4.00 15.00 -1.00 -8.00 16.00 -32.00 -11.00 0.00 0.00 0.00 0.00 0.00 0.00 0.00 0.00 0.00 0.00 0.00 0.00 
45.00 67.00 -24.00 5.00 -28.00 1.00 -23.00 11.00 -28.00 -30.00 -7180.00 351.00 -1079.00 1079.00 -13.00 21.00 -15.00 12.00 17.00 -10.00 0.00 4.00 15.00 -1.00 -8.00 16.00 -32.00 -11.00 0.00 0.00 0.00 0.00 0.00 0.00 0.00 0.00 0.00 0.00 0.00 0.00 
45.00 67.00 -24.00 5.00 -28.00 1.00 -23.00 11.00 -28.00 -30.00 -7180.00 351.00 -1079.00 1079.00 -13.00 21.00 -15.00 12.00 17.00 -10.00 0.00 4.00 15.00 -1.00 -8.00 16.00 -32.00 -11.00 0.00 0.00 0.00 0.00 0.00 0.00 0.00 0.00 0.00 0.00 0.00 0.00 
45.00 67.00 -24.00 5.00 -28.00 1.00 -23.00 11.00 -28.00 -30.00 -7180.00 351.00 -1079.00 1079.00 -13.00 21.00 -15.00 12.00 17.00 -10.00 0.00 4.00 15.00 -1.00 -8.00 16.00 -32.00 -11.00 0.00 0.00 0.00 0.00 0.00 0.00 0.00 0.00 0.00 0.00 0.00 0.00 
45.00 67.00 -24.00 5.00 -28.00 1.00 -23.00 11.00 -28.00 -30.00 -7180.00 351.00 -1079.00 1079.00 -13.00 21.00 -15.00 12.00 17.00 -10.00 0.00 4.00 15.00 -1.00 -8.00 16.00 -32.00 -11.00 0.00 0.00 0.00 0.00 0.00 0.00 0.00 0.00 0.00 0.00 0.00 0.00 
45.00 67.00 -24.00 5.00 -28.00 1.00 -23.00 11.00 -28.00 -30.00 -7180.00 351.00 -1079.00 1079.00 -13.00 21.00 -15.00 12.00 17.00 -10.00 0.00 4.00 15.00 -1.00 -8.00 16.00 -32.00 -11.00 0.00 0.00 0.00 0.00 0.00 0.00 0.00 0.00 0.00 0.00 0.00 0.00 
95.00 92.00 -24.00 5.00 -28.00 1.00 -23.00 11.00 -28.00 -30.00 -7180.00 351.00 -1079.00 1079.00 -13.00 21.00 -15.00 12.00 17.00 -10.00 0.00 4.00 15.00 -1.00 -8.00 16.00 -32.00 -11.00 0.00 0.00 0.00 0.00 0.00 0.00 0.00 0.00 0.00 0.00 0.00 0.00 
132.00 87.00 -24.00 5.00 -28.00 1.00 -23.00 11.00 -28.00 -30.00 -7180.00 351.00 -1079.00 1079.00 -13.00 21.00 -15.00 12.00 17.00 -10.00 0.00 4.00 15.00 -1.00 -8.00 16.00 -32.00 -11.00 0.00 0.00 0.00 0.00 0.00 0.00 0.00 0.00 0.00 0.00 0.00 0.00 
201.00 81.00 -24.00 5.00 -28.00 1.00 -23.00 11.00 -28.00 -30.00 -7180.00 351.00 -1079.00 1079.00 -13.00 21.00 -15.00 12.00 17.00 -10.00 0.00 4.00 15.00 -1.00 -8.00 16.00 -32.00 -11.00 0.00 0.00 0.00 0.00 0.00 0.00 0.00 0.00 0.00 0.00 0.00 0.00 
202.00 81.00 -24.00 5.00 -28.00 1.00 -23.00 11.00 -28.00 -30.00 -7180.00 351.00 -1079.00 1079.00 -13.00 21.00 -15.00 12.00 17.00 -10.00 0.00 4.00 15.00 -1.00 -8.00 16.00 -32.00 -11.00 0.00 0.00 0.00 0.00 0.00 0.00 0.00 0.00 0.00 0.00 0.00 0.00 
202.00 81.00 49.00 -50.00 -28.00 1.00 -23.00 11.00 -38.00 26.00 -7191.00 367.00 -1079.00 1078.00 3.00 16.00 -15.00 12.00 17.00 -10.00 0.00 4.00 15.00 -1.00 -8.00 16.00 -32.00 -11.00 0.00 0.00 0.00 0.00 0.00 0.00 0.00 0.00 0.00 0.00 0.00 0.00 
202.00 81.00 49.00 -50.00 -28.00 1.00 -23.00 11.00 -38.00 26.00 -7191.00 367.00 -1079.00 1078.00 3.00 16.00 -15.00 12.00 17.00 -10.00 0.00 4.00 15.00 -1.00 -8.00 16.00 -32.00 -11.00 0.00 0.00 0.00 0.00 0.00 0.00 0.00 0.00 0.00 0.00 0.00 0.00 
202.00 81.00 49.00 -50.00 -28.00 1.00 -23.00 11.00 -38.00 26.00 -7191.00 367.00 -1079.00 1078.00 3.00 16.00 -15.00 12.00 17.00 -10.00 0.00 4.00 15.00 -1.00 -8.00 16.00 -32.00 -11.00 0.00 0.00 0.00 0.00 0.00 0.00 0.00 0.00 0.00 0.00 0.00 0.00 
202.00 81.00 49.00 -50.00 -28.00 1.00 -23.00 11.00 -38.00 26.00 -7191.00 367.00 -1079.00 1078.00 3.00 16.00 -15.00 12.00 17.00 -10.00 0.00 4.00 15.00 -1.00 -8.00 16.00 -32.00 -11.00 0.00 0.00 0.00 0.00 0.00 0.00 0.00 0.00 0.00 0.00 0.00 0.00 
202.00 81.00 55.00 -77.00 -28.00 1.00 -23.00 11.00 -38.00 26.00 -7191.00 367.00 -1079.00 1078.00 8.00 1.00 -15.00 12.00 17.00 -10.00 0.00 4.00 15.00 -1.00 -8.00 16.00 -32.00 -11.00 0.00 0.00 0.00 0.00 0.00 0.00 0.00 0.00 0.00 0.00 0.00 0.00 
202.00 81.00 55.00 -77.00 -28.00 1.00 -23.00 11.00 -38.00 26.00 -7191.00 367.00 -1079.00 1078.00 8.00 1.00 -15.00 12.00 17.00 -10.00 0.00 4.00 15.00 -1.00 -8.00 16.00 -32.00 -11.00 0.00 0.00 0.00 0.00 0.00 0.00 0.00 0.00 0.00 0.00 0.00 0.00 
202.00 81.00 55.00 -77.00 -28.00 1.00 -23.00 11.00 -38.00 26.00 -7191.00 367.00 -1079.00 1078.00 12.00 0.00 -15.00 12.00 17.00 -10.00 0.00 4.00 15.00 -1.00 -8.00 16.00 -32.00 -11.00 0.00 0.00 0.00 0.00 0.00 0.00 0.00 0.00 0.00 0.00 0.00 0.00 
202.00 81.00 55.00 -77.00 -28.00 1.00 -23.00 11.00 -38.00 26.00 -7191.00 367.00 -1079.00 1078.00 24.00 -5.00 -15.00 12.00 17.00 -10.00 0.00 4.00 15.00 -1.00 -8.00 16.00 -32.00 -11.00 0.00 0.00 0.00 0.00 0.00 0.00 0.00 0.00 0.00 0.00 0.00 0.00 
202.00 81.00 62.00 -87.00 -28.00 1.00 -23.00 11.00 -38.00 26.00 -7191.00 367.00 -1079.00 1078.00 25.00 -5.00 -15.00 12.00 17.00 -10.00 0.00 4.00 15.00 -1.00 -8.00 16.00 -32.00 -11.00 0.00 0.00 0.00 0.00 0.00 0.00 0.00 0.00 0.00 0.00 0.00 0.00 
202.00 81.00 62.00 -87.00 -28.00 1.00 -23.00 11.00 -38.00 26.00 -7191.00 367.00 -1079.00 1078.00 25.00 -5.00 -15.00 12.00 17.00 -10.00 0.00 4.00 15.00 -1.00 -8.00 16.00 -32.00 -11.00 0.00 0.00 0.00 0.00 0.00 0.00 0.00 0.00 0.00 0.00 0.00 0.00 
202.00 81.00 62.00 -87.00 -28.00 1.00 -23.00 11.00 -38.00 26.00 -7191.00 367.00 -1079.00 1078.00 25.00 -5.00 -15.00 12.00 17.00 -10.00 0.00 4.00 15.00 -1.00 -8.00 16.00 -32.00 -11.00 0.00 0.00 0.00 0.00 0.00 0.00 0.00 0.00 0.00 0.00 0.00 0.00 
202.00 81.00 62.00 -87.00 -28.00 1.00 -23.00 11.00 -38.00 26.00 -7191.00 367.00 -1079.00 1078.00 25.00 -5.00 -15.00 12.00 17.00 -10.00 0.00 4.00 15.00 -1.00 -8.00 16.00 -32.00 -11.00 0.00 0.00 0.00 0.00 0.00 0.00 0.00 0.00 0.00 0.00 0.00 0.00 
202.00 81.00 62.00 -87.00 -28.00 1.00 -23.00 11.00 -38.00 26.00 -7191.00 367.00 -1079.00 1078.00 25.00 -5.00 -15.00 12.00 17.00 -10.00 0.00 4.00 15.00 -1.00 -8.00 16.00 -32.00 -11.00 0.00 0.00 0.00 0.00 0.00 0.00 0.00 0.00 0.00 0.00 0.00 0.00 
202.00 81.00 62.00 -87.00 -28.00 1.00 -23.00 11.00 -38.00 26.00 -7191.00 367.00 -1079.00 1078.00 25.00 -5.00 -15.00 12.00 17.00 -10.00 0.00 4.00 15.00 -1.00 -8.00 16.00 -32.00 -11.00 0.00 0.00 0.00 0.00 0.00 0.00 0.00 0.00 0.00 0.00 0.00 0.00 
202.00 81.00 62.00 -87.00 -28.00 1.00 -23.00 11.00 -38.00 26.00 -7191.00 367.00 -1079.00 1078.00 25.00 -5.00 -15.00 12.00 17.00 -10.00 0.00 4.00 15.00 -1.00 -8.00 16.00 -32.00 -11.00 0.00 0.00 0.00 0.00 0.00 0.00 0.00 0.00 0.00 0.00 0.00 0.00 
202.00 81.00 62.00 -87.00 -28.00 1.00 -23.00 11.00 -38.00 26.00 -7191.00 367.00 -1079.00 1078.00 25.00 -5.00 -15.00 12.00 17.00 -10.00 0.00 4.00 