-0.426667 0.900000
-0.460000 0.960000
-0.553333 0.606667
-0.680000 -0.086667
-0.673333 -0.366667
-0.146667 -0.573333
0.253333 -0.746667
0.380000 -0.753333
0.773333 -0.473333
0.720000 0.513333
0.646667 0.766667
0.160000 0.846667
-0.306667 0.860000
-0.666667 0.480000
-0.813333 -0.026667
-0.573333 -0.413333
0.180000 -0.620000
0.740000 -0.413333
0.780000 0.313333
0.606667 0.573333
0.020000 0.673333
-0.400000 0.400000
-0.506667 -0.260000
-0.466667 -0.533333
-0.446667 -0.946667
0.786667 -0.760000
0.646667 0.713333
0.153333 0.946667
-0.453333 0.860000
-0.633333 0.633333
